reference point
                       [自然，風景，文化，食，買い物，料金，移動時間，距離，？]
ref_data_to_show[ 0 ]: [0.0, 0.0, 0.0, 0.0, 0.0, 0.0, 0.0, 0.0, 1.0]
ref_data_to_show[ 1 ]: [0.0, 0.0, 0.0, 0.0, 0.0, 0.0, 0.0, 0.5, 0.5]
ref_data_to_show[ 2 ]: [0.0, 0.0, 0.0, 0.0, 0.0, 0.0, 0.0, 1.0, 0.0]
ref_data_to_show[ 3 ]: [0.0, 0.0, 0.0, 0.0, 0.0, 0.0, 0.5, 0.0, 0.5]
ref_data_to_show[ 4 ]: [0.0, 0.0, 0.0, 0.0, 0.0, 0.0, 0.5, 0.5, 0.0]
ref_data_to_show[ 5 ]: [0.0, 0.0, 0.0, 0.0, 0.0, 0.0, 1.0, 0.0, 0.0]
ref_data_to_show[ 6 ]: [0.0, 0.0, 0.0, 0.0, 0.0, 0.5, 0.0, 0.0, 0.5]
ref_data_to_show[ 7 ]: [0.0, 0.0, 0.0, 0.0, 0.0, 0.5, 0.0, 0.5, 0.0]
ref_data_to_show[ 8 ]: [0.0, 0.0, 0.0, 0.0, 0.0, 0.5, 0.5, 0.0, 0.0]
ref_data_to_show[ 9 ]: [0.0, 0.0, 0.0, 0.0, 0.0, 1.0, 0.0, 0.0, 0.0]
ref_data_to_show[ 10 ]: [0.0, 0.0, 0.0, 0.0, 0.5, 0.0, 0.0, 0.0, 0.5]
ref_data_to_show[ 11 ]: [0.0, 0.0, 0.0, 0.0, 0.5, 0.0, 0.0, 0.5, 0.0]
ref_data_to_show[ 12 ]: [0.0, 0.0, 0.0, 0.0, 0.5, 0.0, 0.5, 0.0, 0.0]
ref_data_to_show[ 13 ]: [0.0, 0.0, 0.0, 0.0, 0.5, 0.5, 0.0, 0.0, 0.0]
ref_data_to_show[ 14 ]: [0.0, 0.0, 0.0, 0.0, 1.0, 0.0, 0.0, 0.0, 0.0]
ref_data_to_show[ 15 ]: [0.0, 0.0, 0.0, 0.5, 0.0, 0.0, 0.0, 0.0, 0.5]
ref_data_to_show[ 16 ]: [0.0, 0.0, 0.0, 0.5, 0.0, 0.0, 0.0, 0.5, 0.0]
ref_data_to_show[ 17 ]: [0.0, 0.0, 0.0, 0.5, 0.0, 0.0, 0.5, 0.0, 0.0]
ref_data_to_show[ 18 ]: [0.0, 0.0, 0.0, 0.5, 0.0, 0.5, 0.0, 0.0, 0.0]
ref_data_to_show[ 19 ]: [0.0, 0.0, 0.0, 0.5, 0.5, 0.0, 0.0, 0.0, 0.0]
ref_data_to_show[ 20 ]: [0.0, 0.0, 0.0, 1.0, 0.0, 0.0, 0.0, 0.0, 0.0]
ref_data_to_show[ 21 ]: [0.0, 0.0, 0.5, 0.0, 0.0, 0.0, 0.0, 0.0, 0.5]
ref_data_to_show[ 22 ]: [0.0, 0.0, 0.5, 0.0, 0.0, 0.0, 0.0, 0.5, 0.0]
ref_data_to_show[ 23 ]: [0.0, 0.0, 0.5, 0.0, 0.0, 0.0, 0.5, 0.0, 0.0]
ref_data_to_show[ 24 ]: [0.0, 0.0, 0.5, 0.0, 0.0, 0.5, 0.0, 0.0, 0.0]
ref_data_to_show[ 25 ]: [0.0, 0.0, 0.5, 0.0, 0.5, 0.0, 0.0, 0.0, 0.0]
ref_data_to_show[ 26 ]: [0.0, 0.0, 0.5, 0.5, 0.0, 0.0, 0.0, 0.0, 0.0]
ref_data_to_show[ 27 ]: [0.0, 0.0, 1.0, 0.0, 0.0, 0.0, 0.0, 0.0, 0.0]
ref_data_to_show[ 28 ]: [0.0, 0.5, 0.0, 0.0, 0.0, 0.0, 0.0, 0.0, 0.5]
ref_data_to_show[ 29 ]: [0.0, 0.5, 0.0, 0.0, 0.0, 0.0, 0.0, 0.5, 0.0]
ref_data_to_show[ 30 ]: [0.0, 0.5, 0.0, 0.0, 0.0, 0.0, 0.5, 0.0, 0.0]
ref_data_to_show[ 31 ]: [0.0, 0.5, 0.0, 0.0, 0.0, 0.5, 0.0, 0.0, 0.0]
ref_data_to_show[ 32 ]: [0.0, 0.5, 0.0, 0.0, 0.5, 0.0, 0.0, 0.0, 0.0]
ref_data_to_show[ 33 ]: [0.0, 0.5, 0.0, 0.5, 0.0, 0.0, 0.0, 0.0, 0.0]
ref_data_to_show[ 34 ]: [0.0, 0.5, 0.5, 0.0, 0.0, 0.0, 0.0, 0.0, 0.0]
ref_data_to_show[ 35 ]: [0.0, 1.0, 0.0, 0.0, 0.0, 0.0, 0.0, 0.0, 0.0]
ref_data_to_show[ 36 ]: [0.5, 0.0, 0.0, 0.0, 0.0, 0.0, 0.0, 0.0, 0.5]
ref_data_to_show[ 37 ]: [0.5, 0.0, 0.0, 0.0, 0.0, 0.0, 0.0, 0.5, 0.0]
ref_data_to_show[ 38 ]: [0.5, 0.0, 0.0, 0.0, 0.0, 0.0, 0.5, 0.0, 0.0]
ref_data_to_show[ 39 ]: [0.5, 0.0, 0.0, 0.0, 0.0, 0.5, 0.0, 0.0, 0.0]
ref_data_to_show[ 40 ]: [0.5, 0.0, 0.0, 0.0, 0.5, 0.0, 0.0, 0.0, 0.0]
ref_data_to_show[ 41 ]: [0.5, 0.0, 0.0, 0.5, 0.0, 0.0, 0.0, 0.0, 0.0]
ref_data_to_show[ 42 ]: [0.5, 0.0, 0.5, 0.0, 0.0, 0.0, 0.0, 0.0, 0.0]
ref_data_to_show[ 43 ]: [0.5, 0.5, 0.0, 0.0, 0.0, 0.0, 0.0, 0.0, 0.0]
ref_data_to_show[ 44 ]: [1.0, 0.0, 0.0, 0.0, 0.0, 0.0, 0.0, 0.0, 0.0]