reference point
[自然，風景，文化，食，買い物，料金，phy, men, spottime, 観光移動時間，観光歩数，スポットの数]
ref_points[ 0 ]: [0. 0. 0. 0. 0. 0. 0. 0. 0. 0. 0. 1.]
ref_points[ 1 ]: [0.  0.  0.  0.  0.  0.  0.  0.  0.  0.  0.5 0.5]
ref_points[ 2 ]: [0. 0. 0. 0. 0. 0. 0. 0. 0. 0. 1. 0.]
ref_points[ 3 ]: [0.  0.  0.  0.  0.  0.  0.  0.  0.  0.5 0.  0.5]
ref_points[ 4 ]: [0.  0.  0.  0.  0.  0.  0.  0.  0.  0.5 0.5 0. ]
ref_points[ 5 ]: [0. 0. 0. 0. 0. 0. 0. 0. 0. 1. 0. 0.]
ref_points[ 6 ]: [0.  0.  0.  0.  0.  0.  0.  0.  0.5 0.  0.  0.5]
ref_points[ 7 ]: [0.  0.  0.  0.  0.  0.  0.  0.  0.5 0.  0.5 0. ]
ref_points[ 8 ]: [0.  0.  0.  0.  0.  0.  0.  0.  0.5 0.5 0.  0. ]
ref_points[ 9 ]: [0. 0. 0. 0. 0. 0. 0. 0. 1. 0. 0. 0.]
ref_points[ 10 ]: [0.  0.  0.  0.  0.  0.  0.  0.5 0.  0.  0.  0.5]
ref_points[ 11 ]: [0.  0.  0.  0.  0.  0.  0.  0.5 0.  0.  0.5 0. ]
ref_points[ 12 ]: [0.  0.  0.  0.  0.  0.  0.  0.5 0.  0.5 0.  0. ]
ref_points[ 13 ]: [0.  0.  0.  0.  0.  0.  0.  0.5 0.5 0.  0.  0. ]
ref_points[ 14 ]: [0. 0. 0. 0. 0. 0. 0. 1. 0. 0. 0. 0.]
ref_points[ 15 ]: [0.  0.  0.  0.  0.  0.  0.5 0.  0.  0.  0.  0.5]
ref_points[ 16 ]: [0.  0.  0.  0.  0.  0.  0.5 0.  0.  0.  0.5 0. ]
ref_points[ 17 ]: [0.  0.  0.  0.  0.  0.  0.5 0.  0.  0.5 0.  0. ]
ref_points[ 18 ]: [0.  0.  0.  0.  0.  0.  0.5 0.  0.5 0.  0.  0. ]
ref_points[ 19 ]: [0.  0.  0.  0.  0.  0.  0.5 0.5 0.  0.  0.  0. ]
ref_points[ 20 ]: [0. 0. 0. 0. 0. 0. 1. 0. 0. 0. 0. 0.]
ref_points[ 21 ]: [0.  0.  0.  0.  0.  0.5 0.  0.  0.  0.  0.  0.5]
ref_points[ 22 ]: [0.  0.  0.  0.  0.  0.5 0.  0.  0.  0.  0.5 0. ]
ref_points[ 23 ]: [0.  0.  0.  0.  0.  0.5 0.  0.  0.  0.5 0.  0. ]
ref_points[ 24 ]: [0.  0.  0.  0.  0.  0.5 0.  0.  0.5 0.  0.  0. ]
ref_points[ 25 ]: [0.  0.  0.  0.  0.  0.5 0.  0.5 0.  0.  0.  0. ]
ref_points[ 26 ]: [0.  0.  0.  0.  0.  0.5 0.5 0.  0.  0.  0.  0. ]
ref_points[ 27 ]: [0. 0. 0. 0. 0. 1. 0. 0. 0. 0. 0. 0.]
ref_points[ 28 ]: [0.  0.  0.  0.  0.5 0.  0.  0.  0.  0.  0.  0.5]
ref_points[ 29 ]: [0.  0.  0.  0.  0.5 0.  0.  0.  0.  0.  0.5 0. ]
ref_points[ 30 ]: [0.  0.  0.  0.  0.5 0.  0.  0.  0.  0.5 0.  0. ]
ref_points[ 31 ]: [0.  0.  0.  0.  0.5 0.  0.  0.  0.5 0.  0.  0. ]
ref_points[ 32 ]: [0.  0.  0.  0.  0.5 0.  0.  0.5 0.  0.  0.  0. ]
ref_points[ 33 ]: [0.  0.  0.  0.  0.5 0.  0.5 0.  0.  0.  0.  0. ]
ref_points[ 34 ]: [0.  0.  0.  0.  0.5 0.5 0.  0.  0.  0.  0.  0. ]
ref_points[ 35 ]: [0. 0. 0. 0. 1. 0. 0. 0. 0. 0. 0. 0.]
ref_points[ 36 ]: [0.  0.  0.  0.5 0.  0.  0.  0.  0.  0.  0.  0.5]
ref_points[ 37 ]: [0.  0.  0.  0.5 0.  0.  0.  0.  0.  0.  0.5 0. ]
ref_points[ 38 ]: [0.  0.  0.  0.5 0.  0.  0.  0.  0.  0.5 0.  0. ]
ref_points[ 39 ]: [0.  0.  0.  0.5 0.  0.  0.  0.  0.5 0.  0.  0. ]
ref_points[ 40 ]: [0.  0.  0.  0.5 0.  0.  0.  0.5 0.  0.  0.  0. ]
ref_points[ 41 ]: [0.  0.  0.  0.5 0.  0.  0.5 0.  0.  0.  0.  0. ]
ref_points[ 42 ]: [0.  0.  0.  0.5 0.  0.5 0.  0.  0.  0.  0.  0. ]
ref_points[ 43 ]: [0.  0.  0.  0.5 0.5 0.  0.  0.  0.  0.  0.  0. ]
ref_points[ 44 ]: [0. 0. 0. 1. 0. 0. 0. 0. 0. 0. 0. 0.]
ref_points[ 45 ]: [0.  0.  0.5 0.  0.  0.  0.  0.  0.  0.  0.  0.5]
ref_points[ 46 ]: [0.  0.  0.5 0.  0.  0.  0.  0.  0.  0.  0.5 0. ]
ref_points[ 47 ]: [0.  0.  0.5 0.  0.  0.  0.  0.  0.  0.5 0.  0. ]
ref_points[ 48 ]: [0.  0.  0.5 0.  0.  0.  0.  0.  0.5 0.  0.  0. ]
ref_points[ 49 ]: [0.  0.  0.5 0.  0.  0.  0.  0.5 0.  0.  0.  0. ]
ref_points[ 50 ]: [0.  0.  0.5 0.  0.  0.  0.5 0.  0.  0.  0.  0. ]
ref_points[ 51 ]: [0.  0.  0.5 0.  0.  0.5 0.  0.  0.  0.  0.  0. ]
ref_points[ 52 ]: [0.  0.  0.5 0.  0.5 0.  0.  0.  0.  0.  0.  0. ]
ref_points[ 53 ]: [0.  0.  0.5 0.5 0.  0.  0.  0.  0.  0.  0.  0. ]
ref_points[ 54 ]: [0. 0. 1. 0. 0. 0. 0. 0. 0. 0. 0. 0.]
ref_points[ 55 ]: [0.  0.5 0.  0.  0.  0.  0.  0.  0.  0.  0.  0.5]
ref_points[ 56 ]: [0.  0.5 0.  0.  0.  0.  0.  0.  0.  0.  0.5 0. ]
ref_points[ 57 ]: [0.  0.5 0.  0.  0.  0.  0.  0.  0.  0.5 0.  0. ]
ref_points[ 58 ]: [0.  0.5 0.  0.  0.  0.  0.  0.  0.5 0.  0.  0. ]
ref_points[ 59 ]: [0.  0.5 0.  0.  0.  0.  0.  0.5 0.  0.  0.  0. ]
ref_points[ 60 ]: [0.  0.5 0.  0.  0.  0.  0.5 0.  0.  0.  0.  0. ]
ref_points[ 61 ]: [0.  0.5 0.  0.  0.  0.5 0.  0.  0.  0.  0.  0. ]
ref_points[ 62 ]: [0.  0.5 0.  0.  0.5 0.  0.  0.  0.  0.  0.  0. ]
ref_points[ 63 ]: [0.  0.5 0.  0.5 0.  0.  0.  0.  0.  0.  0.  0. ]
ref_points[ 64 ]: [0.  0.5 0.5 0.  0.  0.  0.  0.  0.  0.  0.  0. ]
ref_points[ 65 ]: [0. 1. 0. 0. 0. 0. 0. 0. 0. 0. 0. 0.]
[自然，風景，文化，食，買い物，料金，phy, men, spottime, 観光移動時間，観光歩数，スポットの数]
ref_points[ 66 ]: [0.5 0.  0.  0.  0.  0.  0.  0.  0.  0.  0.  0.5]
ref_points[ 67 ]: [0.5 0.  0.  0.  0.  0.  0.  0.  0.  0.  0.5 0. ]
ref_points[ 68 ]: [0.5 0.  0.  0.  0.  0.  0.  0.  0.  0.5 0.  0. ]
ref_points[ 69 ]: [0.5 0.  0.  0.  0.  0.  0.  0.  0.5 0.  0.  0. ]
ref_points[ 70 ]: [0.5 0.  0.  0.  0.  0.  0.  0.5 0.  0.  0.  0. ] 自然とmen
ref_points[ 71 ]: [0.5 0.  0.  0.  0.  0.  0.5 0.  0.  0.  0.  0. ] 自然とphy
ref_points[ 72 ]: [0.5 0.  0.  0.  0.  0.5 0.  0.  0.  0.  0.  0. ]
ref_points[ 73 ]: [0.5 0.  0.  0.  0.5 0.  0.  0.  0.  0.  0.  0. ]
ref_points[ 74 ]: [0.5 0.  0.  0.5 0.  0.  0.  0.  0.  0.  0.  0. ]
ref_points[ 75 ]: [0.5 0.  0.5 0.  0.  0.  0.  0.  0.  0.  0.  0. ] 自然と文化
ref_points[ 76 ]: [0.5 0.5 0.  0.  0.  0.  0.  0.  0.  0.  0.  0. ]
ref_points[ 77 ]: [1. 0. 0. 0. 0. 0. 0. 0. 0. 0. 0. 0.]